part	cluster	size	zValue_mean	zValue_median	zValue_max	zValue_min	zValue_peak_abs	cluster_mass	clsuter_mass_log	peak_x	peak_y	peak_z	peak_region	peak_region_name	num_regions	region_labels
cortex_left	1	22	3.06370637633584	2.99954628944397	3.6	2.5	3.63857913017273	67	4.21066787046706	-3.79139232635498	-46.5213088989258	30.8302307128906	214	d23ab	2	31pv, d23ab
cortex_left	2	479	3.21093588183966	3.128089427948	4.6	2.5	4.61863565444946	1500	7.33826304403479	-22.3506774902344	-43.2125930786133	72.1212463378906	232	2	7	2, 1, 7PC, 7AL, VIP, 5L, 7Am
cortex_left	3	357	3.12961502235477	3.08070540428162	4.4	2.5	4.35685300827026	1100	7.01864578271428	-44.8404006958008	-25.943546295166	17.5734920501709	284	RI	8	OP2-3, PF, PFcm, RI, A1, PSL, LBelt, OP1
cortex_left	4	1425	3.63092014781216	3.51368856430054	6.4	2.5	6.42815732955933	5200	8.55141319310358	-5.51584434509277	-16.9644908905029	58.8415260314941	220	24dd	16	23c, 24dv, SCEF, p32pr, p24pr, a24pr, 3b, 3a, 4, 6mp, 6ma, 5m, 5mv, 24dd, 6d, 6a
cortex_left	9	30	2.69515897432963	2.69780266284943	2.9	2.5	2.87436461448669	81	4.39265457290288	-9.65146446228027	-42.0632934570312	60.6421966552734	217	5mv	2	5L, 5mv
cortex_left	12	468	3.34627992933632	3.27589595317841	5.1	2.5	5.14825677871704	1600	7.35631755587242	-51.2563171386719	-17.4799041748047	51.5853080749512	189	3b	6	3b, 3a, 4, FEF, 6d, 1
cortex_left	18	44	2.76690515063026	2.73992538452148	3.1	2.5	3.09343409538269	120	4.80191905536077	-59.0080337524414	-37.4201393127441	-0.55770218372345	309	STSdp	2	STSvp, STSdp
cortex_left	19	70	3.04319451536451	2.9630936384201	3.9	2.6	3.89760231971741	210	5.36140303315737	-61.6968879699707	-43.7761001586914	11.0784177780151	319	TPOJ1	2	TPOJ1, STV
cortex_left	20	28	2.9842751792499	2.93780755996704	3.5	2.5	3.45851016044617	84	4.42556140651216	-61.7097244262695	-46.8277969360352	-2.54555082321167	313	TE1p	2	STSvp, TE1p
cortex_left	24	46	3.1004374338233	3.04369103908539	3.7	2.5	3.70500826835632	140	4.96018460571038	-44.5605812072754	-14.6814651489258	0.577971577644348	283	52	4	OP2-3, 52, PoI1, Ig
cortex_left	26	272	3.13553765854415	2.98685467243195	4.8	2.5	4.80190658569336	850	6.74860272760406	-58.5287628173828	9.83677864074707	16.2200336456299	258	6r	8	FOP4, FOP2, FOP3, FOP1, 6r, 43, 6v, 4
cortex_left	39	109	3.25727918826112	3.2518253326416	4.2	2.6	4.24038457870483	360	5.87224012430337	-50.1252212524414	-73.3484497070312	8.67675685882568	182	MST	4	MT, MST, TPOJ2, TPOJ3
cortex_left	40	180	3.21606213119295	3.19961524009705	4.4	2.5	4.36969995498657	580	6.36111452142111	-51.7171745300293	-66.0832824707031	29.1244258880615	330	PGi	2	PGi, PGs
cortex_left	42	23	2.88065631493278	2.84434199333191	3.3	2.5	3.31758260726929	66	4.19351237124411	-54.6129875183105	-0.361395835876465	42.1993637084961	236	6v	4	4, 6v, PEF, 55b
cortex_left	43	77	2.88572048521661	2.8477349281311	3.4	2.5	3.43667125701904	220	5.40358002554561	-62.7768249511719	-33.4391670227051	32.7153396606445	328	PF	3	PF, PFop, PFcm
cortex_left	47	121	2.97227835261132	2.90877461433411	3.8	2.4	3.81867456436157	360	5.88511932641494	-7.86971187591553	47.3418388366699	-12.9690065383911	245	10r	4	10v, 10r, s32, 10d
cortex_left	55	150	3.01407757600149	2.91584360599518	4	2.5	4.01015901565552	450	6.11392913252324	-55.0744094848633	4.92398834228516	-23.9912204742432	308	STSda	5	TGd, STGa, STSda, STSva, TE1a
cortex_left	65	279	3.01307783161013	2.99598503112793	3.8	2.4	3.75945663452148	840	6.73417387356756	-13.6455736160278	46.4050636291504	47.3006057739258	251	9p	7	SFL, 8BL, 9p, 10d, 9m, 9a, 8Ad
cortex_left	68	29	3.14146722596267	3.07339835166931	4	2.5	4.03784513473511	91	4.51198579018514	-8.3947696685791	51.6081809997559	7.15615940093994	249	9m	3	a24, p32, 9m
cortex_left	71	42	2.948894012542	2.9141343832016	3.6	2.5	3.60221767425537	120	4.81909980733568	-34.5224113464355	49.6495666503906	31.6823596954346	264	46	1	46
cortex_right	87	1643	3.45732131689261	3.39898657798767	5.7	2.4	5.70244979858398	5700	8.64477322140107	13.6771554946899	-16.6584091186523	75.3533706665039	55	6mp	20	55b, 23c, 24dv, SCEF, p32pr, p24pr, 4, 6mp, 6ma, 5mv, 5ROI, 5m, 24dd, 2, 1, FEF, 3b, 6d, 3a, 6a
cortex_right	92	505	3.33293112717053	3.24948811531067	5	2.5	5.00307083129883	1700	7.42841056447223	33.3988800048828	-40.5589370727539	66.4627914428711	52	2	6	5ROI, 2, 7PC, 7AROI, VIP, LIPv
cortex_right	93	31	2.74748957541681	2.68135619163513	3.2	2.5	3.15660214424133	85	4.44467481756679	30.1304244995117	-26.7811832427979	67.4318771362305	53	3a	2	3b, 3a
cortex_right	95	20	2.67681996822357	2.6527236700058	2.9	2.5	2.91889119148254	54	3.98036178451343	22.7437267303467	-42.0650024414062	73.2298583984375	52	2	1	2
cortex_right	96	141	3.1872713075462	3.13954901695251	4.2	2.5	4.17661476135254	450	6.10792505163662	57.448917388916	-13.8404722213745	48.2410163879395	51	1	3	1, 2, PFt
cortex_right	99	457	3.08936609115851	2.97192072868347	4.8	2.4	4.84498643875122	1400	7.25264931226564	47.416145324707	-25.7598838806152	18.3474407196045	104	RI	9	PF, PFcm, RI, PSROI, PBelt, LBelt, OP1, PFop, OP4
cortex_right	102	80	3.27691774964333	3.2686949968338	4.5	2.6	4.50686264038086	260	5.56892990479065	62.8735237121582	-40.057502746582	15.5642919540405	28	STV	3	TPOJ1, STV, PSROI
cortex_right	103	37	2.82205352912078	2.74971675872803	3.4	2.4	3.43689846992493	100	4.64838273439983	57.8429718017578	-34.0697250366211	-1.27218508720398	129	STSdp	2	STSdp, A5
cortex_right	110	21	2.75369041306632	2.76612162590027	3.2	2.5	3.18906903266907	58	4.05746441815484	46.7995147705078	-2.4484977722168	-9.9124584197998	167	PoI1	2	PoI1, PI
cortex_right	112	55	3.00400187318975	2.97808313369751	3.7	2.6	3.66774249076843	170	5.10727854269933	45.1155204772949	8.0075855255127	8.44287204742432	115	FOP2	2	FOP2, FOP3
cortex_right	113	25	2.95191038131714	2.92798399925232	3.4	2.5	3.38399505615234	74	4.30132837251319	41.8602409362793	29.4441928863525	3.96255421638489	108	FOP4	2	FOP4, FOP5
cortex_right	116	37	3.20665002513576	3.21633052825928	3.9	2.4	3.90921258926392	120	4.77614469897366	16.6289291381836	-83.4581909179688	40.5141487121582	3	V6	2	V6A, V6
cortex_right	117	220	3.50616782253439	3.39929699897766	5.7	2.4	5.69631767272949	770	6.64815119894322	50.564453125	-72.4114990234375	6.81421804428101	23	MT	7	V4t, MST, MT, PHT, FST, TPOJ2, TPOJ3
cortex_right	125	216	3.17472251477065	3.07210743427277	4.3	2.5	4.31363153457642	690	6.53049863928686	61.7870826721191	8.85480213165283	19.2581615447998	56	6v	6	FOP1, 6r, 43, 6v, PEF, 55b
cortex_right	130	24	2.94626619418462	2.87782764434814	3.7	2.5	3.67241668701172	71	4.25859250214228	43.4095649719238	17.7264060974121	-35.5937271118164	131	TGd	1	TGd
cortex_right	146	38	2.82843767341815	2.8341828584671	3.3	2.5	3.25419116020203	110	4.67731066007808	8.63842296600342	55.7692184448242	25.6142463684082	69	9m	2	9a, 9m
cortex_right	147	25	2.98900420188904	2.95874571800232	3.6	2.5	3.60011649131775	75	4.31381611395324	35.9401969909668	50.5307731628418	30.8277359008789	84	46	1	46
cortex_right	155	26	2.81817995584928	2.80967259407043	3.1	2.6	3.13649845123291	73	4.29418780888036	58.3148002624512	0.0648437514901161	-16.3995800018311	128	STSda	1	STSda
subcort	168	161	3.07403407778059	2.97638940811157	4.5	2.4	4.54213619232178	490	6.20439509584963	26	-88	-38	371	CEREBELLUM_RIGHT	1	CEREBELLUM_RIGHT
subcort	193	107	2.99862155067586	2.91150903701782	4.1	2.5	4.12352085113525	320	5.77098153442726	20	-14	-20	376	HIPPOCAMPUS_RIGHT	2	HIPPOCAMPUS_RIGHT, AMYGDALA_RIGHT
subcort	194	135	3.14479580102143	3.09573721885681	4.5	2.5	4.5095477104187	420	6.05102373834982	-18	-12	-20	367	HIPPOCAMPUS_LEFT	2	HIPPOCAMPUS_LEFT, AMYGDALA_LEFT
subcort	215	43	2.86174573454746	2.78723883628845	3.8	2.4	3.83076214790344	120	4.81263195100395	-16	8	-8	364	PUTAMEN_LEFT	1	PUTAMEN_LEFT
